0.1500450928078971
0.0902832882039682
0.08828669946332841
0.08859895856633322
0.09500824255282328
0.08990109297760752
0.09645137263838047
0.08553436347263509
0.08639933748068618
0.09465338479888041
0.0948648553981093
0.09573985834973092
0.09148447142254146
0.09552760388472718
0.09058564777618444
0.0961519220395398
0.08595746485026079
0.09990846521422941
0.08385900321609588
0.08010518919722931
0.07546391143984073
0.06053799347590028
0.03779002908783069
0.029851587563677576
0.05894404399983705
0.036843185771037616
0.02901755628289695
0.037180726659461684
0.02803430835972169
0.023532626623481583
0.030107549142776097
0.02602358324976932
0.028092908153967644
0.02121879262096203
0.012199774927806176
0.014728713811241047
0.013576881389533398
0.01672574987621076
0.01226640121498324
0.015472595471696896
0.008000802749876348
0.010507832360483936
0.011857059657464598
0.017168360702688543
0.012282269922828505
0.014087373385106326
0.015388137477654067
0.011146391005750633
0.02556774756209674
0.013001954713294475
0.02715118933251183
0.03809467663938545
0.014896631344431388
0.0172449786883973
0.011127594935542941
0.007735062427683446
0.009659174622560466
0.00852488424556345
0.005206571816694253
0.005505721201575997
0.005243280033126835
0.005810386835004928
0.004785426258349814
0.0046866234286247165
0.008053230647683284
0.004871741588751905
0.003675000418161322
0.004653275571817112
0.006939344577985483
0.003796841356190067
0.0033300061630127708
0.003586361800755773
0.010066875911088667
0.005472881732524093
0.005861647498778931
0.0074484463135088795
0.0067903359383356945
0.005327267719616125
0.004896323853604035
0.00623348182204885
0.006644531867137228
0.0036832230185475656
0.004500748970511246
0.011189535987110675
0.006381232048141529
0.004296799007580018
0.003003848756561436
0.005212634861438286
0.0035337820779681233
0.005479310177170254
0.0038960571890003185
0.004719063347596099
0.005338701115919607
0.005021909488591625
0.004634561024596171
0.002993979919512206
0.006035062439744907
0.005033407388102904
0.004973325520144603
0.006587092748117657
0.005391831630243454
0.00539219992940839
0.004111338012765855
0.003400772457363425
0.0036469558903068472
0.0036852133744571416
0.0025012250050785536
0.004313458607692867
0.004931929117119218
0.0035716593978738394
0.0033351969742295346
0.0034471755304200332
0.003013958364604879
0.00350908824347286
0.0038424425168731733
0.004114694348018452
0.003624632295840575
0.0031419574684355845
0.004251565152376096
0.003629045347814016
0.003928336302086085
0.003501816841284712
0.004657647539931138
0.0045475998580827015
0.0037745141703439014
0.004371941626000466
0.0038181219434713963
0.0028350994135577477
0.0028423420296084306
0.00354870570595219
0.00389979002662419
0.0029088765534963762
0.004859993887003242
0.00424193824780067
0.004470958801583797
0.005227366631940393
0.0043523460942113176
0.004174835497145211
0.004308844482038687
0.0027450519194728235
0.0045173641587135825
0.0046168937162714445
0.003909703329551414
0.003753226147033905
0.002987570907319756
0.002983983518591432
0.0038156846242459537
0.0034592608061427494
0.0040039995493708035
0.0031052810386494106
0.005101096620539788
0.0033943185689473293
0.004002647412833029
0.0033120282131925403
0.0034961717476672195
0.005435089564193064
0.005452271146960142
0.0035906236787250634
0.004387428325416904
0.003912470634408989
0.005649329248076995
0.004534544560725159
0.005286259349638793
0.005087078355709212
0.005598646663677145
0.005131405198753709
0.004657863230245992
0.003631417366555494
0.0039995648062173435
0.006612851686135233
0.005463145599640761
0.005404719147168704
0.005670111329623613
0.008406923851781458
0.009263483311961135
0.00788176831181996
0.005773711575811989
0.0075608975036487985
0.004755865700424036
0.006724598281108
0.00540323015354366
0.004317149488282339
0.007429728947596223
0.00565986340094165
0.004059223347913572
0.005149495247280649
0.004940814835781638
0.004379113874206392
0.0034964348140526782
0.003602397927515691
0.004004861461337568
0.0038309281709711174
0.0031717065858368355
0.0038373971294133006
0.007471488615161568
0.005749730329407406
0.004115214424008468
0.003561604755386999
0.005491996738300744
0.004401630508834759
0.00549689001289217
